100 3
8838 28647 32484 0
541 4828 25885 8
19599 29634 27123 8
15990 30302 21865 9
15239 1571 24949 5
19221 12454 15016 6
15830 17490 29712 1
24810 18269 29278 7
25113 23290 4676 9
18781 24273 3617 2
11168 26796 26336 2
31430 25715 21533 3
5870 28762 32650 8
1269 18777 3986 4
28220 23517 17724 2
19884 19645 12625 2
28151 3695 17601 4
7456 22140 16451 5
14653 1841 18236 2
31356 24983 6626 4
7780 5030 15009 5
22621 30390 702 0
11123 4662 27194 5
4439 13984 1785 5
4774 17580 1827 7
13422 29893 10955 9
24303 12985 206 0
8606 25012 27390 0
30832 7279 11648 7
30292 17829 3443 0
30977 31943 17106 7
18931 19184 16796 7
20656 7195 7730 3
14928 22676 4352 5
14908 12972 23903 8
18486 31921 8122 0
32666 6941 18160 3
995 26382 15610 0
3696 5366 718 1
2441 29588 17283 3
23709 5923 8885 1
19917 17617 18987 4
7343 12914 31415 9
14923 28278 9310 9
17002 1048 18873 3
6673 12249 12955 7
22344 14381 12789 2
22047 15988 758 7
7923 7211 374 6
494 8292 16788 9
3021 16755 19102 5
14310 5867 31026 6
873 12233 19619 4
17894 6382 9118 9
29455 10195 11278 1
10688 23928 2620 3
13372 30109 31547 3
23994 30261 30339 7
16672 21272 4828 2
29966 31224 12926 6
14622 23190 14966 5
2154 16181 22859 3
13647 2383 8418 1
29297 9864 30623 0
27903 20960 9421 4
23609 29996 31808 0
10799 16071 27960 1
6603 16261 30857 4
3601 9448 20985 9
22182 25495 12522 0
9615 26123 5177 1
4668 5004 32101 0
19909 17244 26356 6
27763 28722 31250 1
26754 16361 18300 2
16933 13178 1948 3
24779 4904 9717 3
6561 27386 7106 3
32600 11118 24026 6
24360 17004 25047 4
3861 16505 32375 9
29041 24109 11075 0
20898 30183 25454 8
32293 17855 12287 7
17363 3516 7475 0
11875 24136 7964 3
12849 10976 10639 9
9021 29968 32573 9
7543 9119 31776 4
16954 23047 24345 3
28438 25639 22231 8
20946 2620 22010 5
32177 24846 29304 5
26101 27239 21568 4
24994 6601 30494 2
7300 4448 17375 4
6515 11062 17589 1
10710 8870 30941 3
32358 29203 2942 6
13621 14554 29141 9
10 40
2286 15748 13455 
7990 1374 24641 
26742 621 25907 
4498 6736 29368 
32004 8517 12804 
29298 22418 31142 
4351 15462 26446 
6900 28630 15073 
28955 27410 16173 
29963 5204 11647 
