1000 5
9573 22207 21458 7207 27560 6
5291 5441 31923 22575 26613 1
16501 17674 1597 22977 19976 9
10877 20538 31805 22257 18248 6
24700 15348 7240 10246 12235 9
16362 12984 13868 10153 29016 9
22572 22353 18088 10308 21177 6
2898 24592 11572 15397 25320 4
4551 27982 1025 6910 32761 8
8055 16237 3455 10967 18386 9
10581 12227 27907 27543 5390 4
16470 27970 2153 2977 5282 9
13092 18616 3778 4418 4373 9
14921 9714 17526 6112 22130 2
27265 15925 28502 28969 7741 0
5986 5565 7575 22966 21767 0
17588 10573 6323 11739 21382 9
20225 14830 12701 30363 25389 0
9280 3180 17866 4091 10941 4
19383 16194 29949 24870 31055 3
10331 21728 3552 29734 26294 5
25438 2459 19397 32280 30297 0
21675 21414 10797 27172 26060 2
7545 20709 25310 2217 8914 0
3395 14710 12728 29010 7318 2
25544 32583 17796 16918 21044 8
8925 25105 26481 32334 13546 5
31023 15501 27394 14442 16014 5
27480 31432 30351 13796 3351 5
21192 21204 14513 12427 31325 0
8819 20559 14635 2361 4958 2
12102 22648 13362 32648 5286 1
3787 20420 25885 7989 14768 2
2188 19258 25066 24354 19287 0
10002 1786 15126 14133 32174 0
15246 2229 3006 2456 26591 8
13201 12299 5118 28913 16605 4
614 20483 27663 10422 8715 2
10208 5148 26768 9643 27945 2
7353 14506 30968 25631 9507 9
12515 20850 12083 16024 8604 2
16972 19148 19398 6874 4933 9
13063 20661 11290 13459 25439 0
15329 9358 24760 5147 8960 0
13502 30082 3998 9471 3824 1
15959 22728 10999 13139 13108 6
28983 22071 32474 10236 1445 7
25601 29422 14552 31609 28968 6
3938 1786 25223 21454 21344 6
24646 19518 25680 28058 27884 2
14627 17419 6170 6537 18579 3
18809 7722 19383 3742 14321 4
3797 1867 24860 26369 17527 8
5370 32264 3777 8284 27110 0
13057 21771 11464 14833 11144 8
8589 11767 3001 23009 10196 4
27231 19481 6122 4201 17988 6
27641 28436 6399 11004 2428 2
3085 17672 16118 25212 1059 0
18916 16605 30403 22285 30960 2
15886 3262 15975 4394 24281 5
18157 14821 29954 29454 26736 2
14852 1604 32090 30347 22986 3
11 26041 2497 4833 31366 2
5681 16328 7786 829 22989 5
6437 21521 21385 12764 30820 9
20139 18166 13005 5391 20773 6
10481 17722 17442 8850 12924 5
2783 18553 2991 29421 31676 3
14097 8130 28563 4579 10081 8
23368 18123 17870 6670 10145 8
10347 7013 15192 26949 3293 6
27503 29764 27478 18524 17860 8
13768 19768 27109 7252 5970 8
25637 31841 18431 28707 16112 8
18607 275 15963 11672 6997 2
31231 18516 19299 254 18696 1
23171 3139 13449 30357 25992 8
25619 2765 5540 12797 14469 4
12763 1392 2341 32536 25783 5
14064 7943 2622 14618 2607 6
6689 3531 3659 28607 566 8
24546 1812 1320 7133 8474 1
29038 6012 2102 27594 17529 5
15463 5484 3634 1358 29924 9
10403 21834 3644 24096 6132 9
2539 3508 9882 19739 11308 0
4555 16268 11279 1444 23093 1
10699 18635 3311 7178 24405 9
6320 23119 16178 19642 831 0
30089 10266 4906 22944 32636 4
16827 10439 19640 14355 2344 9
8011 25628 25354 20241 7607 7
2832 31227 19268 30912 23029 5
23194 555 19631 11115 3726 6
3050 31403 7485 28021 1972 8
18775 32140 31610 21758 9662 5
28211 14469 14160 7965 731 9
26880 28605 11555 13325 1580 2
7783 648 12075 1183 32480 9
31781 17406 18203 25275 16935 9
19881 21175 11894 6638 23833 8
11300 16925 26147 28207 18402 9
8742 11522 1557 5718 14805 1
24364 31878 17452 5385 22064 3
12714 8049 23964 19973 30650 8
32368 28041 4210 12041 30081 7
8831 20370 15123 2776 25952 4
10409 20461 5587 10749 12572 2
3725 16676 24299 26727 22830 8
3282 32438 19316 18411 3230 1
1199 16899 12351 32594 24437 4
26911 26674 11158 2687 29106 6
17490 10070 13647 27596 22218 2
27198 24649 27829 30647 4626 9
3924 18423 21560 31593 5800 2
26321 24069 30946 9164 31165 7
11803 24610 22520 3620 31813 1
13098 28767 16226 11362 19833 1
500 19041 30114 30387 31156 9
2376 30284 15494 4339 29068 4
16813 14774 19933 26126 827 9
16657 26120 21452 5240 5301 9
15476 24842 9890 11837 30454 6
21713 12193 22583 5210 23409 3
16114 13270 22838 26721 23212 9
28147 1733 24299 151 10091 9
30371 11279 12389 18949 3057 8
30206 8143 14347 24887 14147 4
28536 16726 13055 13734 15996 6
26578 11280 10711 5361 6787 5
1967 32096 5783 21119 25802 3
23843 8538 18944 13593 13790 1
30192 22946 22138 14233 24307 8
5173 6354 4430 19149 21419 0
15788 21056 10990 30227 3019 2
27096 20727 1397 16735 31904 1
11698 23095 23724 3757 6204 7
934 7917 5427 16901 5330 2
17682 7369 12447 7835 10466 3
9852 23310 685 25790 30956 4
6710 14377 26589 20359 14823 9
30006 5298 30731 25223 6063 4
8253 23911 4069 22247 20768 2
5038 6461 8785 13502 17321 5
26266 414 7962 4225 24169 2
27125 6761 28288 19925 14649 1
12013 3163 6527 59 26173 1
979 32725 17645 22331 5314 0
29985 12111 14772 18214 21144 2
18557 12238 24288 8327 13614 3
17862 21304 23089 22477 1553 2
1685 23389 4720 11238 18086 8
32432 17932 6849 30138 3378 5
4198 6544 12445 966 29071 1
21968 5735 32320 19530 2587 9
25696 24076 20910 17859 27079 9
16977 18486 31896 10417 13910 1
7633 5843 11212 3793 23072 5
9206 20132 17657 9040 5884 4
10725 32082 20447 13483 26653 9
17586 30532 11351 17461 16136 2
31968 26285 26793 30843 19435 7
4233 12928 1065 28403 15354 6
17305 8014 22560 7881 14498 1
8101 25921 21855 8611 2223 3
19770 7595 20239 6312 4284 2
28348 12255 15267 21306 8831 4
10549 6231 15087 10783 8917 3
24992 22091 23764 32013 7320 0
13705 19275 9730 14805 27300 4
27687 13690 14527 7073 19865 7
6454 30837 26033 13824 4665 5
32060 29204 19743 12983 29554 2
26365 28545 13096 14991 12152 1
2118 19549 18903 8343 27002 8
25693 10471 2606 25750 31189 0
18616 17763 20846 19612 19665 3
12489 16437 27209 32505 29777 1
7161 360 459 32000 11000 4
18733 22941 22034 29788 18356 6
3445 5009 16689 24552 5806 9
9124 16065 11476 12873 18699 2
28931 7888 2940 5042 16140 5
24434 16061 14955 27042 26725 9
10106 30734 15261 14974 25828 8
17735 7541 6491 22601 969 5
27022 13724 3411 25850 19029 2
5046 7712 17199 2062 23162 2
13551 22491 21290 24689 30898 8
21491 29972 27412 11993 7278 8
14244 30506 7353 13334 30869 6
13004 11475 32438 7191 21002 1
21924 8976 18711 22924 22589 0
6634 19030 26969 24425 6179 9
9397 24234 16798 31930 7216 2
1352 15513 30010 5258 27697 7
31369 26198 22755 20173 30221 6
20723 25447 26407 129 1237 5
26902 10912 2548 14477 23986 7
31490 14694 12380 27656 29325 2
17717 11372 5076 30692 26766 0
5592 28005 21152 26427 1206 4
4989 9828 11571 29867 31559 2
26265 30436 21152 25220 11970 0
30561 12196 19570 22711 12687 1
27626 29156 21643 18629 27065 0
136 17316 16342 14115 6210 8
18668 19952 16110 1735 19957 7
29292 23397 4618 20191 5572 3
20601 7275 32720 11234 24857 2
25142 990 30426 13432 7322 5
11424 2587 20497 4077 21586 5
18136 7593 15405 28457 1094 1
24159 20470 4351 10856 11985 1
22379 12777 31556 21795 9318 9
4511 10028 8249 1768 8327 5
21449 2174 1585 13080 3599 5
372 3188 15816 706 31011 2
4974 27499 19865 2829 32614 6
26773 24218 24699 16378 32585 0
30347 17286 15021 30304 28032 2
14873 9288 5250 31085 9235 6
5484 31330 14694 30487 16508 8
7796 1300 16462 9277 20172 2
18955 19833 28415 17515 7646 5
28848 16843 27559 2685 15595 2
28660 32413 22712 24212 23853 1
14319 14331 25870 19229 12877 4
30298 3488 20168 30166 718 0
22816 15558 24916 27415 30135 7
8314 26434 10146 28875 23842 6
32000 23269 29051 25562 21898 6
4144 13658 30572 7666 8159 1
26196 16378 27340 23286 12488 6
30423 15432 10172 23672 6571 7
13412 25882 7481 28424 16455 8
2149 29082 25493 18501 24574 6
19898 16026 29684 17896 7219 0
3269 14332 5024 13642 3385 0
28443 32536 23631 18449 14793 6
11127 27748 26286 1545 27905 5
6854 14797 3798 13648 23889 7
19814 12414 8814 10596 13025 7
25579 28689 5802 32432 15452 2
12553 7765 14442 19370 5920 2
21102 22063 13088 4517 19519 3
3260 20803 23367 1758 30174 4
23261 23402 28569 118 30927 1
23392 28698 4157 7754 19573 0
9902 16719 3491 13295 16221 0
12080 9363 30932 4420 12558 7
10428 20028 7505 4679 27124 4
9958 11254 20704 4414 8321 6
14852 26416 24535 18255 26321 2
24846 27914 23742 10003 15985 6
15003 7380 20585 6620 30754 3
2472 16191 17360 5008 25512 9
29427 30666 28500 31349 14339 4
24069 20250 4917 14145 5807 2
12622 4149 11101 14144 11445 1
17114 19424 25805 3454 19121 2
24449 15496 1368 298 26913 6
18601 19077 26220 1716 145 9
3310 25491 18956 11861 30092 9
14929 2518 15709 19959 9801 2
10427 15818 32326 26054 31898 8
4594 997 537 17864 20614 1
26711 4567 22844 8270 30856 5
28678 30900 20552 18467 10880 0
5678 14435 26915 10937 23717 3
28860 24101 9975 30156 14365 7
17579 29472 15891 5429 30481 4
31640 24865 5403 8410 17993 8
8558 25370 14106 15364 1721 7
26952 25607 28230 7811 9615 4
25807 10814 19870 21860 16786 0
7112 9815 935 3113 2812 3
6546 1067 31479 12478 18197 4
25784 415 7496 21413 13108 8
14571 25143 5196 4878 15098 8
22012 26533 12162 31443 9173 4
22196 22212 14509 23698 1079 0
22677 3540 2243 2653 9995 0
23020 23493 11633 25526 27707 7
9662 29164 29571 6092 23924 1
32114 16523 17618 12606 6759 3
32330 9188 2179 16075 565 4
5379 19156 10950 2484 10189 1
15420 291 11592 5565 15708 6
21105 22293 13343 28692 18220 7
6824 19679 31447 27010 8312 2
1829 1030 3045 3509 15658 8
20424 20948 2226 19589 10615 5
7639 13678 23283 11130 9427 9
21858 31017 22546 17673 26559 0
18572 31280 17872 10297 15441 1
31576 671 23397 9908 8079 2
7887 8598 23759 6251 13805 5
8336 18939 22026 25436 1942 8
10290 3036 23145 31509 18757 7
11782 17844 4171 24336 31956 8
3847 511 19417 12278 207 4
12334 10976 7067 4969 18608 2
30555 8391 32761 6898 32654 0
10895 25179 8976 3602 21850 6
13875 8978 22620 8381 15122 8
412 15161 1058 5781 27747 5
25866 5987 22699 26826 26037 3
5845 1646 11173 1896 23450 4
3466 19626 4164 4213 1299 4
29470 1980 29444 9783 7209 2
27017 596 14864 15215 28873 2
7006 26588 31167 1907 22511 2
29509 10134 11940 11626 13682 1
27483 5103 14118 18715 26911 0
16867 13813 1179 22790 6111 1
4821 13862 16471 12488 12313 3
28197 29465 31538 4090 13461 1
4321 13232 32373 30974 23431 9
31595 9682 2853 16517 30604 7
18822 23523 20777 22961 32443 3
236 2667 14792 27671 26660 2
4509 13486 22878 6166 4680 9
3893 4654 2664 17211 1387 7
19685 4158 26680 10667 15070 4
3553 14903 10723 4808 11917 9
31333 22511 20053 13961 29290 3
3482 1404 12421 28231 21403 7
19206 14453 1862 1768 28526 1
19023 26140 5670 17318 27264 8
7792 6986 32080 10226 26269 1
22966 8680 13441 17438 25663 3
548 6489 24927 21452 698 4
16900 32303 29653 20065 7793 4
3802 21228 21322 26850 11953 5
29931 16077 32193 17928 3326 0
16412 22739 22093 31858 3574 7
27348 17526 4700 1083 6171 0
8739 4821 19907 21595 16158 4
23134 22078 23444 19873 27268 4
29168 20315 32291 21542 17595 7
18454 25196 23240 31113 11257 0
2990 26714 20028 10581 12411 7
27255 17024 19623 13914 25597 7
17223 10624 17588 17131 27779 5
7716 20098 8010 5943 205 1
837 25507 32190 24635 16137 3
26211 19340 22160 22263 16031 4
19946 22886 5402 17140 25648 0
13789 410 31418 31811 27420 2
31889 28972 16466 20588 23079 7
31636 1168 27974 19216 16670 4
22855 22593 5427 11821 15236 7
12324 31884 16400 12096 22702 1
28325 838 14472 9661 17373 3
24381 31085 27301 3219 26424 9
10735 14301 28957 23473 23208 9
26976 7587 31210 8146 19472 4
11122 2965 23283 9716 16468 6
31192 11320 5613 23870 9513 6
24858 1048 14016 3411 14759 9
27899 17950 31243 30774 26643 9
18258 17554 4521 17996 21850 0
8866 25275 15170 40 15157 0
27680 29796 16706 11544 10226 8
30950 20402 30936 16057 2892 3
4224 19209 28614 4342 6625 4
27420 17395 21292 17207 6436 2
1023 27975 13458 23225 9180 5
4370 20997 17627 18238 31636 1
5787 1946 29927 23188 5502 5
31370 17809 14870 22697 20927 6
15578 20957 2272 18724 16926 5
8950 14386 578 29883 8584 2
16937 26681 24753 18366 12268 9
31093 27004 30672 141 7765 6
9590 9554 9761 27641 9554 4
14606 9802 31326 19130 21513 0
31760 27056 5706 8830 12425 1
3371 19275 5903 585 29243 9
30397 31851 3982 29967 1401 0
15960 11983 31527 20186 13242 3
25884 28954 4060 32726 19926 4
25404 32205 3306 30228 7750 1
21309 16124 7972 8687 18295 8
20951 22584 18101 14926 5767 3
7551 30056 25111 13623 19705 7
19709 14467 12381 24187 1105 5
5800 14705 20771 22870 9364 0
10770 29298 4807 31578 794 1
7242 30941 20398 7690 12604 3
27399 21795 16840 4574 23227 1
13652 32328 8081 6325 25083 6
2196 15452 6206 1755 15462 0
5878 21140 27863 12585 31629 1
26806 7445 622 29682 32744 6
11194 6035 28086 12723 6205 1
15723 22856 12960 31167 23839 9
30944 18423 21198 26213 31231 8
18349 26360 23545 32575 23997 5
32249 2169 928 22439 2765 9
15020 5759 3991 2694 830 8
27334 30280 25424 27648 10053 4
15182 1051 6130 7842 23846 3
18258 7860 6559 32032 3971 9
14315 187 28274 19145 2943 0
27214 3098 7202 11313 6716 0
5188 32262 10060 22218 27026 6
22955 5137 29639 351 1563 4
26053 18860 28577 14514 23780 0
29053 21206 31370 8869 1375 3
15356 9201 31192 16316 1139 1
27919 32757 3443 11738 24501 6
12632 32118 29755 8318 17458 7
11842 2105 28370 507 18003 5
16421 26698 26064 20049 26817 6
24362 6357 21694 953 13909 5
6087 2096 3449 19969 24432 9
18923 2002 24522 10565 1371 6
28214 3633 8015 28085 15990 7
720 17851 30218 22874 29794 8
2489 2917 31802 3616 6510 4
16556 17543 15941 27020 25827 7
32486 9981 16340 26856 24082 0
32628 32710 14203 18383 3113 3
24281 916 16511 86 13626 2
18717 4623 10393 6986 16631 5
20915 24503 24005 9279 9238 6
16563 936 25723 26717 16218 2
22869 15793 14575 14385 27050 0
19386 15991 7714 1007 32458 5
14430 7836 13288 9953 21642 7
30153 21288 18742 25085 30344 0
14689 7332 21075 11988 3287 0
27236 31647 17086 2911 27698 1
21099 28829 22761 29772 3706 7
8472 1696 15901 18140 10410 2
24756 11975 18200 1141 20382 2
6109 6332 12879 16753 12073 7
30883 18144 1753 13776 20338 5
14247 28286 17253 16861 21150 6
1544 4971 28370 4575 2336 6
16205 3030 25662 13167 17740 4
14484 1086 29356 13329 1800 6
20639 1221 11399 5139 32419 7
30876 12369 7605 18927 4673 8
31681 19273 7925 4507 4958 7
24590 23237 13240 8328 14929 4
25805 11914 23488 25162 23517 4
29619 14131 5147 27417 12586 8
24489 30534 31586 9382 1219 4
6310 31030 15163 12032 14184 1
7717 19834 3472 21118 26067 7
532 31547 32260 226 5321 1
19544 21329 30841 4920 15111 8
4917 2183 23507 32539 22764 7
14139 8529 13373 31072 7154 7
29066 5768 655 13669 24654 8
22918 4035 7856 30574 19799 5
17240 31072 24837 21964 22913 8
27338 31074 25423 6102 18697 5
22115 24494 25476 29393 18094 1
19663 25416 13186 17493 6149 4
10991 8607 14009 9948 14156 3
29487 13844 19220 10361 23244 1
7924 12085 11468 21735 13857 5
8499 29791 31983 31602 7174 4
13728 10709 8378 28264 10105 4
6637 6753 17436 15639 18772 2
14097 29975 29685 27263 5030 4
7830 4831 5369 12859 28277 3
9299 19145 569 23136 6583 3
22313 27991 27323 11313 3740 0
15255 7748 10160 18177 1660 1
319 16751 19751 26525 14351 6
2229 23283 13641 17415 19385 6
301 27545 19084 3708 11779 9
15844 18976 28501 25582 21416 2
12635 3850 8707 10614 17591 4
20664 11264 29283 31095 27829 9
3047 2269 6634 3170 19407 7
5979 20481 6748 21079 18804 3
2682 16515 16029 2586 8946 7
25103 14418 18401 22300 20710 6
22633 366 1399 31617 21670 4
19683 5300 8163 15458 15085 7
13070 18941 4104 26065 21354 1
17844 8319 8580 12599 13579 5
5224 15273 2967 19496 13588 2
615 12279 11821 14026 2914 0
1009 6256 26843 30805 2157 4
25445 30928 24560 3419 4584 8
10687 31106 26612 18143 8458 4
32342 25086 18975 25182 18921 1
32734 11050 13487 16982 30061 0
19744 26305 45 11249 32706 6
15852 23038 3834 6621 27484 2
15650 22768 32451 23935 23771 9
23285 32073 15269 16119 11904 4
6829 3717 21286 25013 10725 7
16784 10936 14682 13970 27968 7
5315 18025 7368 1445 15701 0
4665 16195 30175 26961 6111 4
21778 20609 17707 16696 21024 3
4081 2398 32650 32541 32212 2
26674 17657 2558 2265 17080 1
4884 24673 28419 4589 25960 5
29214 22222 13681 5214 25670 7
7801 21811 1345 17365 31126 5
27377 3489 8411 18234 32296 6
29391 26685 14782 1100 10782 5
24545 29370 23951 9696 6573 8
15414 28814 13564 4290 23019 1
29824 32090 8187 1146 9743 1
13853 8266 29501 31841 30631 6
8240 19014 18689 23242 11440 5
24922 21079 2942 19234 23707 0
25575 27280 10649 26975 4504 1
10383 3402 22196 27668 3531 5
29732 21927 23719 7164 7215 2
3771 26511 29514 7911 15185 3
4913 19105 21273 21829 17462 6
17439 14551 24793 4287 6649 1
6042 11463 28229 4011 32523 7
15699 17606 12329 15414 29470 6
23276 10081 17537 32664 2333 8
10407 19165 872 22706 1732 7
3250 9411 27650 8926 26541 6
23999 10149 23209 25832 7157 1
9645 25751 26617 26973 7878 3
9065 29468 26783 6320 23391 7
30546 15724 5099 25331 22398 7
26561 18532 27546 18955 20526 1
5000 21887 10577 7849 29293 5
18055 8873 18113 4466 11047 2
2210 24265 15216 10010 17006 6
31167 31570 22416 14688 9221 3
11674 8776 17785 18470 27541 9
4234 5484 17300 17697 5400 7
31376 26257 9955 2519 8815 4
2116 8787 14950 6876 11547 6
10625 32150 10760 3219 18304 3
9182 11169 26597 7390 21332 0
6987 1460 28926 12930 6905 5
7548 28251 4791 15913 6642 5
15585 10751 25784 16962 1209 8
3666 4953 8961 24124 23202 2
26826 28113 604 28361 11399 4
10427 28918 3429 30756 22898 9
223 20368 8934 28825 24204 6
8346 16888 24124 28866 2538 2
15428 20158 6397 7210 30742 3
24053 32193 24853 4190 21096 2
26023 8519 16660 8596 22667 5
21966 15799 8301 29548 27068 5
1463 9222 24516 24956 4779 0
9540 23536 14767 32413 11012 6
13799 21144 27241 832 23049 9
19179 14114 16749 8745 31688 7
5988 21092 5626 14437 26827 9
6759 18377 13280 30811 8281 5
10836 23786 18477 22848 22945 4
17999 29336 11677 2909 6758 4
335 5451 18123 18147 12802 8
7232 17445 26777 20036 28127 3
3362 5401 16720 15946 6318 8
20287 464 14687 5470 26637 6
31938 15456 4294 2245 29791 8
27732 15348 2191 6586 17650 6
28046 4340 18915 13736 28369 1
21859 19792 1178 21496 20190 1
26569 14588 32096 18737 6133 2
24141 29623 1979 14931 21586 6
25430 23742 17051 3257 9584 7
26694 28150 28216 11755 4120 1
20661 31660 26735 27678 2650 6
6008 19206 22746 9047 24482 5
25150 175 26707 3183 25396 1
32473 22130 6058 21098 25507 5
4507 8627 30641 2009 29225 1
24137 19978 14573 31044 26348 9
7563 22130 21384 31441 10121 7
20207 19656 30817 32412 10120 6
31700 29317 8772 20098 29314 8
31188 5889 2744 32588 24090 9
31625 11943 2013 27769 22048 2
13504 13264 340 4893 8053 3
4989 11595 18478 18318 32390 4
8532 32703 16964 21716 29820 0
6406 18017 5015 26133 21102 1
10856 9399 20607 31100 17468 3
23286 9828 22997 22853 15582 8
31655 9002 24671 757 27719 0
23767 3239 16160 19944 11052 2
20328 22654 29792 22972 9042 3
11877 13536 3973 8771 31539 7
11982 11964 32281 23036 529 8
6992 14325 19590 11592 21974 7
33 24952 16249 8149 20050 5
12082 28678 12527 8954 12725 6
32623 1026 26694 7916 25688 9
18894 11194 18170 16927 31278 9
32094 13518 11219 20787 23162 4
16267 15565 27814 14124 5783 6
84 10785 19201 2297 15099 7
16944 11737 25172 24684 19897 6
9161 1021 20088 12851 28715 0
3552 11108 16291 24435 16783 8
20971 3918 27941 3852 16061 3
5719 27690 27276 9154 32575 3
13171 26196 23286 15275 27243 1
12389 9388 27840 23226 24408 9
29126 6739 31700 1348 24776 1
29611 20985 17217 28870 12877 7
10062 21113 14049 24673 1636 7
20629 26554 1086 4035 30002 7
6682 3087 26099 2673 549 6
5783 11651 30516 18099 2741 3
7348 26595 7504 8849 8932 3
26283 22360 31554 18082 13406 3
12610 12532 18346 17817 15174 2
19978 9598 22475 24791 18442 4
19168 2143 21084 31082 4061 2
1321 6020 21329 12862 23973 2
18748 25225 26086 29558 13183 1
3830 32400 11408 10261 28967 1
2674 16781 26278 1679 28133 2
13395 31469 20954 18901 13520 2
12073 22759 14808 17396 2182 4
6099 12501 29362 29795 4007 4
27886 1634 2768 7064 7605 9
23987 16507 18346 29303 1071 6
2768 19518 3190 1972 17913 2
9243 19804 11393 7756 31596 1
25659 14501 29441 3984 16300 9
18325 8390 26743 30856 12309 8
3609 26192 8695 11662 27862 3
12237 13224 16627 24685 13850 3
31270 629 19044 25719 17227 3
8330 11163 12888 22849 23128 2
13459 1011 30041 4105 2819 6
19180 5937 27428 2298 22170 0
6111 32704 13991 15552 1720 5
6887 30077 25930 23597 5587 7
4848 18065 988 4835 25286 0
32000 21730 14800 31544 1178 5
23928 14283 27518 8402 1598 0
6213 5407 2731 31917 10726 6
13958 30121 10375 4238 8779 7
14482 6299 7897 258 1034 8
2411 26286 20000 5256 7113 2
25857 28909 3264 9079 26099 9
5327 12365 1952 6062 11043 9
24241 21166 3782 27718 20639 0
28691 5847 10438 31923 20077 0
956 23682 24112 12305 1248 7
2792 28324 2614 30878 27073 7
21106 32100 12351 2184 18770 4
815 2693 28209 21653 12766 2
2266 1585 12680 21081 8346 1
27923 21352 27033 8938 15613 7
7273 12920 7060 23644 27616 4
26981 30028 3363 13158 22006 7
1540 13439 16568 13310 13710 0
9783 19815 19165 21204 28052 0
7732 4248 10805 15086 8265 7
9659 1430 21475 8657 17972 4
1447 21414 9362 29190 13871 4
26461 2308 27229 3794 13732 7
21999 28906 22073 9595 5203 3
20254 15902 25532 16246 6458 8
5749 21265 15440 26184 11894 7
26418 12725 22325 29965 22578 5
12734 27778 10714 31959 9990 8
22493 8052 13436 14439 4172 4
26338 21220 9485 16625 30555 9
12682 901 16069 22753 18598 0
29512 12782 16117 743 25647 3
25900 8574 10231 2733 18134 4
28838 8563 16713 29185 31327 1
1753 11409 18482 12385 25163 8
9016 10925 20109 11302 4064 0
13988 31987 11652 7107 29157 6
13376 2248 20584 25293 1283 8
19386 32396 32742 20946 12242 6
5309 28850 20550 16675 16876 1
7615 17632 30077 7703 12203 7
1135 27680 5681 32637 11344 5
2154 28733 21262 301 17102 8
30986 5091 10732 20479 4462 4
1375 20518 13505 18062 26365 2
25016 13677 4689 4237 16463 6
30796 28414 6937 19872 6967 4
724 12190 28396 28146 20545 9
2374 29432 30771 20991 14038 7
26085 4819 18391 25678 20368 9
10596 62 14653 16140 7913 0
6616 20529 12248 18629 22151 5
7581 2143 2106 23221 30163 1
16258 1069 5304 18532 15014 1
11230 13054 16884 21382 8484 4
7765 10335 23013 2134 24100 0
18031 19384 23616 32240 16823 8
15712 14471 6475 21320 22439 7
20871 24917 14457 19672 31244 3
15500 5855 9838 25 28226 4
24365 562 7734 20834 7911 4
27156 15267 12235 32198 9647 3
32081 16877 23117 19967 11816 5
20549 31710 6768 12436 22221 2
29226 29779 15885 10420 10221 1
14200 29559 29658 3198 4187 0
722 18822 31414 18604 9702 6
22604 24187 5646 6368 15350 9
8222 14193 5436 11008 19703 7
14886 28075 23034 18788 17232 7
5571 23664 28221 15045 29971 9
31213 25160 29709 22573 12722 4
6054 18235 6719 14423 9047 4
29954 32030 22292 3394 3508 1
18818 20500 1582 15332 12901 6
5246 3278 14679 7996 26426 3
7360 28464 9236 7995 17666 9
13487 10080 6132 6451 21937 7
8338 15466 7194 23253 24307 2
25812 23303 21627 29157 25226 4
8273 1061 15806 8740 16403 3
31510 25142 18633 16424 7159 8
11288 7553 11605 19226 23993 2
14538 9956 27945 14481 19429 8
26529 28098 2500 19708 5704 9
31461 8475 27816 24676 3897 9
15198 17661 1658 25193 31510 2
12991 23751 17335 8639 18766 2
17371 3 13745 6821 19586 9
8972 12988 17671 11522 12205 6
6995 7058 32485 26154 1104 3
7446 264 8352 21377 27150 0
22928 9401 32147 27248 2631 1
14911 28282 18756 18284 655 0
26119 12940 17462 10491 28429 9
19895 1393 21506 27901 8754 2
30771 21768 16254 17830 18754 8
2681 12778 11805 10468 21916 6
25136 9544 13779 30766 4314 1
6539 28356 17694 22511 22028 0
412 25321 7945 29953 5311 8
7285 11861 32055 23549 4761 1
29354 19130 20580 22856 26278 2
22530 18994 4571 27172 30128 6
24967 4775 14542 26162 22833 3
821 1594 15514 1568 8908 2
5617 14055 10582 6018 27718 5
30350 29412 15937 22271 10358 6
5396 1124 26092 24923 17326 1
14206 15049 9777 16650 25215 4
30119 3179 31322 8521 1009 7
7207 10100 29695 28917 2172 2
16967 28052 3974 3731 12655 0
856 26985 28493 17482 9346 7
1554 7666 15590 13760 28098 0
23751 28531 20968 15123 28195 8
24455 8830 4675 19303 12115 8
32144 22833 8225 24262 17832 9
13725 24513 21937 25147 20283 8
31982 20706 19312 19061 19343 2
27425 28608 12750 20565 2396 1
5431 22640 31558 16437 20551 2
11348 10540 20537 20420 19134 4
17693 21947 6193 30670 6186 7
12997 17354 7253 9810 27182 4
11555 27175 30006 4772 12219 3
7019 17951 10815 24727 10004 9
25948 24936 13162 24805 19488 5
11013 10335 32268 27715 2709 0
18283 17291 15314 25587 29666 9
7350 22680 12103 7592 1769 1
26806 22088 27517 14867 27618 0
22235 3098 9386 27782 28925 0
16621 6535 19934 24407 9374 0
8751 2601 25627 29722 12364 2
14522 2863 366 28616 9125 3
16162 23525 13033 616 16634 8
7369 15926 8834 22232 9560 8
30069 3448 583 17095 25649 0
12539 4325 22633 6150 29410 5
31258 27777 25608 20398 6848 0
24549 3691 24777 7378 10362 4
18250 28609 924 14269 17905 6
17039 18340 13627 13283 26582 7
17126 13315 24394 16910 2730 1
31850 12074 10020 11638 13042 6
20243 14928 15791 32189 21190 3
10129 17564 3541 16649 27394 4
8464 21331 7030 26805 2229 9
19779 6958 25318 10312 12212 0
31321 25610 3416 14780 26962 3
9888 1905 26830 6968 6825 5
8193 28590 21079 6593 2051 3
8611 99 14279 6561 4918 8
11340 4835 4662 22628 24855 1
26208 32698 19680 11712 13911 4
5772 23587 1083 26566 5723 6
22654 28012 30563 5165 3827 0
3389 11623 31272 11155 12798 4
20726 25217 16488 29961 6742 4
32354 4888 2934 26444 2982 3
3085 20253 10426 6763 21739 6
27169 15412 23764 22488 11218 1
1934 20424 22761 20493 19257 7
23453 32708 16351 17485 18802 9
19788 15871 8111 22578 27424 8
9235 7036 10018 4603 15812 2
26071 18432 23176 8666 4436 6
13367 6067 10832 10169 2673 5
28541 7121 9356 11305 3865 5
12240 31878 5823 11380 19943 8
5508 29073 26511 17171 9279 4
6034 17479 18472 27892 16888 2
25509 259 11131 331 10592 5
9531 14124 17821 29936 8371 5
12747 11863 16364 17262 26200 3
13808 7220 24266 10068 2946 2
9228 31291 7180 30827 20741 6
24281 27484 17775 25041 20612 9
31463 290 4273 31541 12352 6
2042 27906 24349 30630 10797 3
12223 5586 10420 25004 24347 0
10580 29336 19248 4013 21787 3
6551 17203 21395 27848 11356 5
1596 5261 22796 12712 6201 8
5647 16726 13898 1542 4664 1
762 8568 27291 3788 6938 6
29343 10692 15981 30231 16980 2
28837 10886 32518 20878 9870 7
4626 30472 21386 16583 16888 5
27453 22821 25010 173 11145 5
2628 7038 17085 21034 4757 8
9737 31217 14717 16768 11318 7
13855 15197 16531 26893 8825 0
16947 26846 29753 1408 25429 4
30674 22018 7460 27291 464 7
2977 19111 19048 28440 17885 3
10068 27263 1643 2894 6110 6
14357 16246 22330 31147 15054 2
26904 25443 29928 31001 21626 0
1159 31443 195 12518 9558 2
26897 21963 7800 29395 6605 0
19650 27857 11393 839 7463 7
13801 24489 2931 30949 23116 6
31037 26743 31756 31725 28950 0
14461 12627 10759 822 9971 0
24379 29548 3615 28578 20472 4
923 3662 31700 26710 10691 5
28453 10982 32711 26918 13241 5
30718 20827 14791 25066 18557 2
19750 27092 10729 24765 27325 5
30857 16322 2619 23127 27551 0
12296 7242 22265 2810 23419 8
10947 14302 9549 28593 9631 1
8781 27692 27896 19149 24150 4
32658 1768 894 22501 13926 0
401 13086 18350 4810 18878 6
60 29192 29327 4645 9999 5
22559 23978 16168 16828 3207 8
7066 16025 11417 4500 31201 4
27857 11186 5748 18025 29320 9
28574 17851 19819 19762 10889 7
9516 31256 20124 5799 28535 0
19206 24350 16936 24841 31387 9
5563 428 6624 17823 3075 7
25441 12045 3871 11416 17995 9
23723 14166 27446 17759 20787 6
31555 9144 2029 6783 23911 7
8871 14723 24070 8102 19966 9
29892 11718 21969 32108 7320 9
24053 30420 29218 12779 4906 2
3134 26 26702 11845 17113 1
13265 31236 22531 14510 16745 7
14150 25317 11271 22422 16182 5
5129 1818 18762 13826 1457 0
25578 26092 9174 6716 29385 4
27353 30160 10613 32602 8155 7
5165 32281 16429 30546 8946 9
1288 30018 27360 32403 20351 5
4543 23111 4273 11100 6102 2
579 9434 29695 29250 17166 9
13825 31562 11284 26289 8985 4
29113 11898 218 14656 25904 6
568 23358 27187 3885 2783 1
29943 19947 15561 30066 9311 4
1039 12304 19568 30487 5375 0
1285 29061 4208 4572 4291 6
16978 5457 12368 13648 11913 1
13760 24607 24572 30696 27728 6
11752 10553 10327 2749 27515 5
4985 4153 13726 32754 2334 1
21266 26873 5922 246 23230 7
30415 7272 5191 26904 4616 3
18146 22598 26822 11823 27238 7
27337 257 28326 25664 6535 7
3325 16418 1641 19045 22570 0
310 3848 32350 32361 2767 1
29076 4332 24606 460 27169 1
12617 16474 30604 30262 22827 2
5023 13226 10500 12409 27582 4
7279 22809 21624 18615 2453 6
7004 22164 8609 29515 11022 5
21876 600 13722 377 29337 1
22791 228 3195 14878 29232 9
1493 18951 4559 6609 20075 9
18395 31197 10488 18227 14612 3
3431 13344 13020 29540 31557 4
12616 20250 20599 18393 2935 8
30760 18706 14882 14842 1542 7
27765 1560 4526 29279 24349 6
26212 19821 10659 14468 23304 8
30200 17668 26181 21822 22097 4
17164 3790 11572 28010 14657 3
23507 32457 24244 17282 10906 4
25682 29197 8196 27162 17309 4
14770 28244 24665 2681 15294 4
29320 11941 2637 18893 19609 4
16739 27946 20957 23711 32508 9
12602 25443 4952 19354 14371 0
2966 28973 20935 7624 19076 7
1673 28754 9142 23489 4017 0
11477 15785 21345 31886 14650 9
23754 16870 13243 6192 9375 7
19141 5029 15818 1277 8876 5
14943 31078 574 7257 23758 1
11678 28007 26972 6268 25424 7
11220 7838 12176 8248 1401 7
2536 4424 5952 30463 28929 7
23612 18117 30906 13983 18522 5
32375 1978 16206 17770 30651 0
30669 23724 3834 14019 7933 6
680 16534 20522 15687 31382 4
13498 30248 18302 7435 24675 0
16605 29610 15771 29099 13568 1
7760 25281 8034 28439 17626 4
6453 2178 31022 21861 14399 0
32340 24474 20455 28431 31771 7
18576 4469 12555 28264 293 5
155 7331 28405 10798 12708 5
28610 9715 28950 25210 532 6
27882 32509 22483 11917 6999 7
30485 10253 585 18718 23861 9
4879 19629 22565 29748 28243 7
2565 16709 9296 28350 19188 1
17727 11652 23846 17758 22034 5
10038 8855 32101 29980 26814 7
31922 11598 7462 12811 18884 1
185 21446 23662 31994 27646 2
1148 11065 31045 23243 23530 4
10368 7659 10580 17672 30036 7
18094 25223 4976 7880 24629 7
17694 23868 8101 27149 23 0
6061 30839 21660 30997 928 8
19138 17945 12141 13401 10766 9
7121 15215 24385 6453 13003 5
29813 26972 8273 7785 20329 7
9025 32622 10778 750 27290 4
31123 992 21228 220 14085 7
6157 17329 16154 16719 20238 6
15239 25938 15469 3989 19169 8
23180 3492 23217 30975 9314 9
26570 31287 30833 5169 6362 5
10232 9483 26432 26056 1641 4
18973 17726 3357 4523 6062 7
26439 7536 4313 3939 31271 0
19205 21447 15744 15693 27695 3
30795 22735 27962 16773 13741 5
22151 31154 1575 30937 10950 3
24845 28543 29708 4905 14905 7
10021 24684 8192 14839 20779 6
30053 10595 17239 2334 7309 1
12568 13623 9587 2786 29794 8
21725 29778 27721 8148 6031 6
10702 698 13758 4174 24313 6
23239 963 17448 18531 17697 1
26534 456 12944 16539 7039 8
23708 1468 30099 9436 6466 9
5610 28020 29673 14400 10055 6
21144 6395 19968 4051 31589 8
30988 9812 3633 22385 18782 9
18066 28774 881 15148 6673 8
16165 12564 1686 5394 18889 5
9504 20400 28281 29221 21689 2
6314 23614 4522 13024 1283 6
19691 19788 29807 19108 22493 3
5488 6472 14395 16092 6070 2
30798 1430 7664 20930 18273 2
482 21726 32373 3579 7863 4
23862 11071 5529 32662 4909 3
16512 23153 26934 7180 18247 0
7989 8441 2821 32326 20997 9
23450 3839 32177 31977 11144 9
28647 2148 13829 4171 16041 5
50 400
19278 3876 5958 19169 14141 
23313 31113 29239 30238 8708 
13104 19970 11199 31841 12191 
15972 4294 29954 28630 7089 
19015 21118 16033 27092 24470 
1451 29966 23279 16986 24929 
25380 25922 7395 32641 12498 
28750 23230 30518 19238 23866 
8070 18555 12736 28277 8188 
8414 14469 21149 4442 23939 
4504 22176 8933 28267 13190 
801 13762 32502 28608 10525 
18186 1959 19791 8654 16417 
11560 31683 17871 8515 4238 
29292 24450 14943 29917 4045 
7343 26153 24015 19790 17261 
31595 3025 23345 11846 26779 
31055 14535 21398 11699 15665 
7396 23604 10301 30374 17040 
3412 26029 9760 28159 2476 
28660 6048 15812 11734 18514 
16947 7233 3062 1132 16572 
25954 19100 16798 18421 5259 
27372 25234 15793 3790 14844 
19218 21860 23906 29053 3610 
21988 27728 19358 16946 27761 
8560 3629 28666 12532 24468 
20735 20231 16260 18947 915 
17645 2862 23593 30194 23197 
19958 10636 26841 7154 14873 
23042 26906 5510 20629 13858 
31296 25802 235 22520 21618 
3670 30244 21501 14746 3709 
13586 28229 9670 22565 28632 
12283 24270 13781 12973 28939 
10039 16656 19932 10782 6231 
25570 8463 8907 26554 6328 
11214 20491 7109 23669 1859 
30446 29593 1729 11584 26509 
1594 31908 12419 25664 23793 
29013 19000 2321 3310 10572 
24767 18288 5170 29598 27568 
18984 32172 19850 22812 21905 
4258 25679 22550 30727 3923 
26945 11378 7836 18651 27676 
28621 25098 598 12184 25550 
8172 31560 11326 14762 13357 
4413 13689 29422 26304 18092 
29936 16249 24977 12577 12307 
31943 17084 4763 3060 14966 
