500 7
9929 14135 2573 8668 4969 5636 16868 8
29446 7795 10491 7592 4807 18983 28479 5
26785 27980 13817 28823 30912 5743 16464 5
10792 8339 3343 3856 20124 11137 15785 9
25022 28255 28283 4320 17273 6276 25680 15
29084 13451 13098 5046 1223 16806 16960 24
29835 30517 20803 11686 26317 26264 25317 18
3691 28481 12444 28583 23843 14605 2979 31
3248 10452 20291 30741 17205 831 18512 12
22239 12761 13814 5423 29894 24169 18358 3
12053 22656 15531 30618 13931 31054 2066 25
17025 31161 7945 29916 28172 28337 21399 1
2533 24509 24813 23010 11111 11226 3307 31
31256 12422 742 19835 140 26392 19369 38
1159 27730 1721 17115 10850 9785 18654 10
26544 31780 17374 31769 2337 21780 7052 39
20390 20547 3073 7345 26837 27648 17706 16
18064 3769 8067 19458 6625 9818 3617 24
29993 20950 29174 26577 22906 18690 12881 29
13121 30378 16036 18117 2600 30943 23946 24
26682 31630 27912 2793 15432 8535 30739 7
15244 28315 17747 1069 1677 27351 17191 11
5442 27697 29929 8932 11898 16721 17779 35
28284 11634 25314 31303 8426 27321 1946 38
29163 9925 21642 21233 14984 11655 8369 37
27735 13908 25056 19810 24663 1848 4802 15
3356 25230 14875 5245 26668 29389 30541 10
30376 10405 14368 8201 20783 16203 31682 33
7935 23313 18189 1843 19549 30265 11785 8
56 4107 5810 25354 5385 21029 6395 10
6397 8211 8210 16642 6486 17695 12518 19
15630 13418 31207 9586 29374 3900 4108 23
13759 26009 32027 7702 11919 25877 805 33
12918 27113 14671 25742 26217 9797 26073 13
2350 21480 14680 4317 10433 9199 20294 15
18167 24810 6077 23530 12641 30517 3712 1
4211 22406 25403 29186 29157 26562 30476 1
21082 30229 21313 21844 27200 25153 32100 24
16887 28982 19573 20596 20789 32484 9078 20
11689 589 13613 30937 3294 6110 13605 7
7523 1535 6646 16735 31529 28649 21702 6
17196 10935 8720 7366 2645 26816 22436 35
15263 12069 21487 12337 8570 18854 29309 12
7789 12474 10684 5543 22782 5598 13827 17
24278 2605 30162 11926 801 29489 23388 10
31796 16889 5954 1611 1138 8299 24738 15
624 2268 32336 17531 31831 31710 30051 37
23178 18521 244 12221 15753 6622 14114 16
27414 16695 32601 16397 5782 27459 15829 12
2233 14849 22625 16714 27229 29674 30821 18
14000 15748 11807 1465 6293 4404 22833 33
14154 26963 31324 10369 13895 20613 21131 10
27753 19526 29459 24621 5711 21958 9017 3
2053 21751 16117 24877 8671 20964 29429 30
3240 20548 31205 20565 252 2383 16110 15
7667 30672 2428 17756 4864 27260 5701 17
8472 4226 16775 23902 14102 13411 9872 9
11614 6404 22660 23899 25792 11522 6235 17
19616 2117 11305 25782 5204 26584 15266 39
3022 7159 21981 12215 30587 7274 1112 19
23402 14098 3901 27145 433 3266 22243 5
16397 20560 26264 4412 16584 31723 9374 37
21216 28846 17267 26436 1381 13430 22613 33
4643 16881 15110 29944 23425 7928 4813 34
425 11551 13501 7316 21225 26762 14137 7
7001 2306 24248 15416 6079 14663 18374 0
4015 22696 29260 24679 23287 31442 4624 28
22074 6630 18559 1673 2778 11982 11179 29
3611 9168 16016 28521 23430 21859 16027 15
11916 5442 27245 439 8044 25536 9692 28
1879 21339 7994 15495 28625 19091 23002 26
4442 6141 16849 14800 9550 3219 11514 35
3850 4174 27965 16622 8272 25847 22544 5
31981 2874 26429 26913 24984 32252 22246 24
21022 14318 25799 19468 29372 14178 5308 11
4300 29790 7811 18487 7845 31983 26818 30
9916 11200 13644 21389 31247 11499 25248 33
7619 17679 26291 24030 15371 3747 26351 20
7245 8586 4475 17246 26240 22759 7101 5
13785 11058 2589 20260 16038 18572 9484 21
2938 29519 16197 19885 5514 18154 12627 19
15447 24812 11860 12118 24717 8286 22012 16
9771 28502 10205 15077 8677 19145 15333 17
30151 31905 25640 20481 8474 15375 7135 0
1931 10275 26545 14773 29578 20634 2866 11
6129 16631 14250 4338 21734 16853 6167 36
17410 17531 24181 12042 20403 11441 13884 23
23006 27858 16427 12341 13769 10275 31556 23
31033 20323 16152 1551 26839 27555 11076 1
984 2904 12348 6680 29405 1455 5447 0
24088 2080 8139 51 28337 8774 16331 15
32616 17390 26030 14632 16507 24942 25922 26
21194 12856 2560 1314 7737 15790 16530 22
26454 10808 31122 17969 26684 660 10645 20
28855 25966 2664 29386 20904 21297 409 2
6059 3612 20537 6210 22776 16536 28641 1
6791 24009 16627 27990 4216 28771 28194 8
15793 19391 10549 29862 14025 21294 9479 8
3109 19341 28883 12085 8032 27417 6318 38
26608 7045 12117 24299 27399 8778 9513 37
27320 9023 4216 22803 4187 12649 19198 25
5682 25108 2220 26845 13389 5666 19368 4
21674 28068 22932 16862 21153 6567 5651 37
18815 80 26249 651 13938 26412 803 36
29093 6081 22808 18113 17067 12905 25134 31
5153 9056 5503 19008 2703 28187 21885 0
656 17115 32564 6955 14899 4739 32463 13
10656 5286 3422 23690 20223 29669 31702 39
29077 5240 12121 6344 8240 10506 12984 12
28358 2506 311 9270 14169 447 28304 37
25117 1627 20538 3974 30941 3412 19434 16
2459 29871 28507 10832 7287 12574 30027 39
16594 13963 23494 5521 30130 20213 12198 22
29032 21371 12635 26150 3185 31670 14056 9
21403 14156 28462 22358 1384 17858 27245 13
32439 146 3080 3397 23201 2942 18824 34
18850 24355 23268 26498 25593 25041 16384 23
31569 666 16243 25466 12192 2729 17037 30
19280 6358 12953 3842 10909 31607 15199 3
12862 23672 5869 2770 6471 29614 18071 17
2638 13160 23869 7428 24524 9031 16076 38
32711 23888 30983 21401 6830 24896 6536 26
20869 12831 9473 14068 1857 29208 5064 12
24950 28808 30611 3165 15407 24149 11904 5
5405 7297 18264 10368 12789 22783 31508 11
1555 28101 24480 20971 7011 13858 14304 39
641 20050 1265 13203 3615 29008 15537 31
23976 26859 18817 24400 31522 17436 14153 5
4185 18327 12733 24668 30522 19616 14303 22
10621 544 10437 24024 21383 17400 3485 4
3726 31893 17646 19783 1534 17604 29473 36
3099 13768 23615 13585 25064 8619 2812 24
13896 9681 26869 32514 8292 19411 11318 15
6476 11402 15871 23240 14561 18793 32456 16
14834 4112 2946 12408 2469 15391 26656 3
26137 2888 13142 8970 20553 30633 18336 0
21812 27736 28039 8920 29243 10303 800 14
6346 17194 15573 4131 5434 2334 25447 5
23798 8173 13108 28046 2013 11015 16566 12
30952 24979 1613 8865 31245 19134 32574 28
20323 5203 29691 20040 1414 14221 23461 19
32573 24617 30415 10577 1626 18878 1925 18
25570 1873 19084 30961 17262 26916 5612 39
26065 29904 16556 4416 26363 9107 14301 36
6942 23275 25818 26552 18191 21348 18637 14
14318 25006 29045 13754 32265 22002 11047 39
20222 25958 5139 11018 21280 21024 29897 20
25116 17704 508 12366 29405 3792 27525 32
17068 16712 23722 14738 30620 22893 20897 39
16933 27106 26192 10439 16911 31842 599 36
12945 7508 1616 16447 8635 17824 24149 35
14097 5826 7619 9523 19833 7453 2110 0
25687 3217 11254 29245 11254 11087 28968 38
12586 24300 17127 23006 27699 4021 13596 17
14053 22083 19404 22777 28166 10063 18329 21
16888 29127 7052 31062 31383 25376 28689 20
12901 17903 22339 9249 19685 11955 5738 4
11332 27381 10434 1129 27198 26260 24447 38
6208 31578 17165 31137 19146 24274 6556 0
29720 8798 14044 6689 20993 31108 30981 36
29471 14985 5915 17830 5936 19777 9328 7
28348 31781 28010 18382 32249 23462 4486 3
9963 15297 32413 2717 7887 22484 12647 14
21178 14512 24381 22779 32638 31983 27939 32
205 31624 22533 12596 7073 29856 29249 17
18394 17571 6758 10103 15657 19860 20283 32
18222 2721 17668 22615 9437 507 24576 37
30502 2276 14390 27468 725 3594 2674 0
18871 24083 14986 9523 16126 5753 19173 8
6886 15000 27966 2762 4505 7941 4262 30
29008 7970 4296 4917 27580 20719 27249 7
3748 11043 6480 27261 12239 20860 762 5
20516 31571 4912 17419 14864 10355 28005 14
24360 6187 22395 15665 14608 13986 16846 11
12699 29803 4211 20385 22067 15449 2498 10
23164 31637 3601 21492 11828 28653 31939 37
10846 12399 27266 5156 6559 9271 3272 9
8168 23429 32420 28179 17749 32531 17083 24
10325 18853 9869 1538 6924 16353 27385 24
12277 6753 22019 2330 31180 5639 4566 10
683 7824 32005 32743 15987 1900 20502 3
31853 18125 15425 12503 7217 26367 26485 22
2503 8695 27036 4800 17677 23342 12064 0
30808 27568 25774 20311 25182 29807 20538 34
5972 10974 15171 21946 23891 21435 21080 3
10240 24620 7643 31975 30572 24846 30725 3
7737 17546 9258 13891 13055 4585 27454 9
12525 6057 24985 20500 2996 16336 14839 7
15008 32384 18883 18438 32520 3788 8853 9
27113 29130 25849 11690 25806 25577 12402 25
16883 15493 21694 5362 6057 27577 10332 29
27388 2677 10316 6327 28052 12496 17686 15
21209 1695 269 27956 91 16966 17365 13
7536 2510 1827 648 17951 27192 16580 7
25916 22801 11745 14135 31189 29767 25473 19
19405 29755 18511 6826 21447 1047 23454 4
23109 29794 28074 16298 4625 31698 11552 39
12765 31329 11745 7913 20774 29346 19715 28
3166 11606 5657 2425 13385 15163 3509 11
3240 18724 1323 11091 24085 31310 23447 37
24366 15602 20513 7634 14581 19735 18815 23
10871 22954 14012 2613 4012 32720 27960 34
20383 4219 10225 23585 30158 21564 3072 29
31444 16728 22119 1052 69 22557 5897 2
986 6518 7418 18963 19918 19390 30713 37
7815 466 13115 12244 24441 6250 11627 0
23368 7593 12782 25493 16684 22258 14187 25
30618 22782 26507 17004 545 26155 21501 3
32402 1815 31934 27348 32099 4462 2967 25
14677 4352 26855 24367 29269 18199 3490 30
28576 13319 13978 14398 27947 24326 23805 32
30786 20542 6175 26538 32623 28961 19578 23
6557 18173 19444 2687 18557 15312 19296 3
14889 26973 20806 19372 19976 6783 487 12
24817 30398 27772 22148 9363 3104 15807 0
1556 11073 31660 22848 26616 18854 11913 32
13125 24143 6948 6011 996 27787 29276 35
29771 12561 6626 3252 19545 9547 29249 26
6017 19701 15900 7888 26155 487 3767 2
15959 12847 22970 24725 32644 17507 7217 22
15824 5686 11990 25648 22624 18760 12179 10
20226 21059 9283 7600 6929 32291 15033 32
3994 25045 18947 21896 1212 26628 30959 31
21077 28976 11727 11025 24027 14848 11130 15
16263 31705 32659 9990 17081 31663 9742 14
17816 31515 1519 24070 15352 16302 11093 22
22914 9350 25272 8982 9998 27166 6511 37
1876 14442 10101 18972 28356 1828 26220 20
21170 24673 14818 31333 5046 12647 27860 24
26451 7618 2160 4384 1238 2197 2079 20
6529 18479 3779 5088 18409 14302 317 14
13981 7176 10803 13086 29192 3191 19216 21
9625 22773 15948 23733 28705 7193 3821 9
22396 28768 10574 24164 8051 31615 2335 3
2017 17400 2221 6224 13845 1260 13667 0
19832 29744 19857 16255 31599 11939 19309 10
31363 16062 8536 12382 20672 29036 2914 24
19802 27932 6671 20796 2455 16149 23132 25
28904 21258 16125 1228 5209 2287 12009 21
19756 23819 23832 11431 29377 22093 19851 4
10170 12003 11150 15304 604 27401 21818 20
5175 21023 16445 22799 5385 32255 7134 16
13536 29837 21563 4542 22911 32656 23253 35
19203 14016 22607 7167 5062 28703 11123 17
6020 2701 22902 10587 9660 18071 21373 23
2905 8593 13663 18756 26514 26340 25005 6
18447 27560 7920 23437 20557 10358 6705 4
28739 9591 29375 4845 28230 27841 13100 3
18474 30436 23449 1920 12202 17855 24883 24
9737 8601 18174 22853 31482 11373 13266 37
12990 16260 10659 25249 6028 18249 16901 31
31285 4442 5102 31450 26120 16603 9918 32
19443 23823 5758 18589 26860 11817 19813 7
27535 23647 30369 9337 7433 1345 3668 11
4404 15177 13020 2914 8707 9139 6999 36
14881 9870 22374 8495 13013 25876 15410 26
18729 27191 8877 17180 28235 18812 23323 11
30515 8204 31184 10824 28550 11273 24891 26
5051 28190 11555 7736 13948 2394 25393 27
5455 21822 3247 14162 24693 22036 7567 32
31250 3971 19631 12643 12431 25953 16731 14
30781 32456 14868 19994 26683 24428 4239 33
32409 11051 16129 18315 28605 18406 19098 28
1286 20880 14159 21165 20144 5252 26845 25
11512 540 5387 12764 29824 21375 11055 7
12788 20154 21747 22359 20718 25107 29785 23
10775 2457 17149 6083 15504 13056 30363 31
5776 5036 3792 27814 12622 9484 12325 23
17441 15145 12361 18157 21221 27007 14238 31
31650 10763 7159 29031 18280 31397 22689 6
637 25744 18336 840 24507 8784 58 4
27443 22459 32442 25255 4118 4179 31086 33
13782 30675 1778 22272 14472 264 31152 28
16525 28386 5288 11187 15729 29643 32109 13
2067 23351 3952 25218 28678 29053 29825 19
14392 7653 9875 30231 18129 25346 16064 23
3166 14658 13709 11388 26159 30659 30830 31
32765 16232 30861 31137 30929 7213 5831 4
20256 20663 4343 29146 22587 48 21624 36
18151 10833 23013 19550 1351 11712 28195 17
26115 17565 3234 30153 28835 12119 11999 0
19772 453 13614 12954 4943 18034 19638 27
32750 27704 30397 20918 22304 12816 5414 24
29831 1320 8247 28388 20288 1334 27040 23
29963 8973 4281 17743 16556 3437 3084 32
20369 24608 27667 4615 31412 18754 15171 34
22211 6369 8009 1663 32639 28358 8083 5
12898 31377 13586 19216 31876 524 1854 9
32703 8633 31323 4469 4881 31661 29435 5
16963 18593 29381 14158 28872 32583 29300 25
9192 1498 7459 30878 14366 8697 20679 20
1470 6837 2045 12876 14554 16617 4358 8
24679 20938 13839 13477 30876 26558 15030 0
29851 28018 21195 9689 2899 18214 30291 17
19365 9804 14035 29817 15301 15186 31179 6
2020 14780 15488 23040 1036 25205 17662 10
1355 2151 25694 27975 22035 17225 11845 2
18913 17592 18861 17678 13341 906 16104 0
17985 12639 26337 10874 6462 11896 24486 33
26140 28621 10787 23442 12768 2905 21808 8
28850 24249 22991 24001 25663 1013 3246 10
14685 2206 18676 24663 10477 6937 14394 7
8198 8762 23510 12040 13136 29461 15200 7
25005 6416 23663 13419 27167 25661 26532 19
14566 12775 7914 3196 12264 9067 2299 15
20054 14153 30247 10011 31629 30843 16977 23
31034 14342 30778 31370 16578 1230 14850 31
20449 21934 4843 17907 10385 6600 5729 1
2093 8986 28727 25568 6614 8019 18996 11
10262 4836 10958 11457 4547 2649 12597 30
1574 30186 21139 26986 19549 25421 31890 25
6654 2511 16672 21906 15613 23715 28527 27
7376 6010 15935 12886 22224 31060 27487 29
31203 8597 29809 26803 9560 17243 19695 38
3858 8975 13675 15375 13545 4666 6171 4
15693 23962 3732 3249 19244 24950 29910 34
18710 14382 11657 10820 28576 14102 31622 5
2822 11652 5273 13912 17428 6696 20869 21
28742 19100 8009 5857 11566 6460 5538 10
19222 15672 22225 30902 19175 24808 7326 37
29513 29279 5789 25107 16652 25154 32176 26
14023 17627 205 21784 20414 2409 28418 13
6665 15290 17078 584 15347 1020 29233 18
26785 22737 10591 2827 2036 6049 20688 3
5551 30516 1540 21548 31709 2176 26854 22
27757 14783 25238 26715 32288 4037 18795 21
4261 2449 1593 27308 15362 25122 7887 36
20277 9356 18884 6422 8731 17994 28532 14
16018 15318 15429 24309 9434 15223 10287 0
12098 8794 6011 30601 22784 12261 30922 13
27744 2888 1114 8309 23585 18261 133 0
19483 22673 12170 23617 3366 12683 19088 21
4152 31084 11752 17624 5325 4304 6803 24
5772 22740 12548 28170 15911 28784 2342 28
22915 23560 2977 22539 7961 19261 28762 22
16540 28937 1592 29171 4315 8715 10286 16
16618 11551 886 11324 30844 8754 4890 7
19860 31573 29881 6983 24413 23567 31368 36
6229 23288 7831 10711 23473 2435 15190 22
8702 11804 11607 23443 18692 25715 16981 31
6895 6167 6518 8073 20657 3398 22733 3
5026 27652 23587 12966 17001 362 16631 12
32032 11073 29635 4671 15539 8655 8833 25
31113 5105 14446 32395 9575 18794 18190 26
31889 16251 112 3366 29234 29620 9907 37
15357 20745 5321 19344 16661 29480 17531 28
28714 13322 30125 29100 16613 14280 23268 21
25735 27313 28421 9282 27085 9625 22624 25
22550 27763 31980 18301 1479 31523 11220 29
11759 5261 51 24942 2343 18418 24860 12
28093 8316 17118 3207 15121 29463 3462 3
5182 16003 19621 31264 11773 20903 3155 20
13255 11305 1907 1269 2106 19771 2873 36
25790 25784 13290 21414 7272 6767 26339 29
1567 24511 11741 2870 20989 32612 22383 12
19959 24464 212 4493 24001 10813 27887 27
10732 20418 19596 24566 19026 6053 23529 32
28595 13233 31093 26018 20640 2376 6615 21
23960 9466 15666 31267 114 3158 18856 30
27386 25087 28445 24561 14559 4099 30781 22
26829 27753 11456 22248 28886 3081 10476 27
29206 14241 20060 16072 20375 14116 12801 21
11378 26453 11110 18868 5431 19861 26936 19
22671 7673 12037 16052 21280 26528 8260 30
12977 23364 15510 19508 29839 24590 29003 35
9007 27311 25640 27266 5908 19116 23399 29
16115 25081 26368 20051 13078 31434 12071 10
6142 12198 3094 27454 5196 6589 19212 1
24034 14715 17558 1600 8773 19805 10253 34
20037 2820 8288 22583 30945 28296 13843 6
30053 5134 4744 16487 20693 20381 2174 26
16014 30509 1495 1784 14379 4865 21150 17
21670 26679 16712 12149 6847 4510 13370 39
21154 6855 7308 23374 6852 20831 22029 14
17422 16571 1159 15448 14653 2997 22084 5
30089 6327 20432 5960 20100 17429 1281 12
5446 3232 25397 22075 21191 28280 28891 10
9100 24609 9781 11057 30342 9689 17243 15
13111 28457 18308 17037 2838 29371 28033 10
31285 31851 20874 1431 15137 8608 9277 28
12809 4061 3812 27899 4899 10643 11511 34
18508 25914 16098 25415 23023 8863 31239 32
24359 27264 6663 14192 14632 19542 5949 25
7643 20082 9868 8014 13768 9291 26203 7
20793 7959 23773 18971 30876 3224 11158 17
23594 30777 7195 760 26310 601 27161 8
30760 16871 28312 25448 2618 25647 4225 34
17858 32499 7774 5587 19010 18622 30050 31
11548 11125 6569 10245 29690 25903 9152 22
3693 11078 10088 28076 4821 943 30615 33
17024 18566 27584 29405 6422 2541 2644 13
27444 16919 15497 32400 22615 4000 28506 27
5116 27168 17871 9503 18949 1279 16510 1
8799 21643 32338 27339 10210 26951 31371 10
5752 5510 27654 30263 21634 4409 10687 34
7031 4102 14484 21227 5070 32154 26188 35
26655 21567 5591 17363 4997 16817 8407 34
28486 3629 29280 9661 17334 31180 16124 35
24664 1039 32243 25055 32583 20923 1993 33
30676 9447 32263 28750 1137 6995 24639 31
8142 9979 29258 27272 15681 29932 22484 18
24683 13911 2331 11755 22553 32740 1267 19
8296 13128 25614 3643 12333 10010 12666 2
13715 226 11371 6176 1542 30068 22331 6
17744 25468 30639 25509 2050 31833 27772 31
29974 28463 31753 30395 10962 18999 119 28
27376 1626 5343 14260 20987 28927 10202 5
7676 26657 5959 28617 18518 7332 14664 18
30447 20201 30350 23956 2192 14752 22999 34
16527 7901 14516 22422 21931 11118 22928 13
26679 9325 15086 32435 9083 4881 24562 18
3671 25289 17955 177 20265 9612 26735 35
26353 29290 29552 27324 10163 4712 3821 3
27165 28554 24740 3045 18026 31281 11334 31
21638 30887 13508 26526 14195 29945 17097 34
30699 15621 29831 14400 29255 10451 15031 23
23455 6953 9947 389 8755 28761 28359 11
11529 20318 18783 13070 16088 4391 2210 8
37 12851 5352 23262 29868 606 11623 3
24577 1787 4604 26590 23927 17186 31273 7
12097 23115 32090 31831 2263 16668 20588 32
22684 28800 31855 20603 21693 20217 29355 33
20316 17463 8674 9436 5614 10985 28885 23
24545 5331 16905 17651 4226 5409 25803 3
20511 1275 6002 6554 16488 30297 32484 36
20507 18713 14172 19346 29153 5711 25194 18
14963 26076 22075 30207 10752 25154 21018 4
9427 32438 23607 26855 24369 17271 11431 11
16512 13407 18861 31670 431 1463 14648 21
2769 4944 27564 28605 21515 19919 17381 12
19889 4681 24698 25262 5036 8208 2622 20
28703 8396 27661 20770 29002 30413 30661 32
5806 17823 7314 10516 22897 26847 12911 37
5125 19790 16105 27747 3333 24612 30502 13
10591 2215 8999 25427 2488 24571 17994 14
5900 6972 12563 24332 17045 23498 24619 24
31983 23012 19625 3098 10361 7545 4497 27
2814 14650 2714 21739 661 15348 20533 31
453 19485 13514 21589 5869 8621 10053 1
739 21039 7889 22541 8924 8983 29667 5
12684 22102 19067 29489 9102 9516 29095 14
8965 23869 23624 8383 28292 21480 5912 8
7979 9172 24556 30236 6675 26827 16951 39
12525 28108 23760 25998 13797 347 13557 37
1741 25628 14991 4289 21367 1440 25015 16
9058 895 30074 11078 24217 7847 2009 26
24025 6899 8980 27920 17906 15616 8233 15
12911 23100 18071 5365 29561 12095 6503 18
25337 28767 30061 31539 5373 18558 25804 24
26461 14887 19384 13288 13470 5850 21120 11
11798 163 12491 16793 8529 10737 15905 33
11444 18342 27566 22444 10080 26987 2883 35
16474 11334 1950 11501 6376 31598 29163 14
24126 21342 2187 24077 9817 15144 6931 29
5164 26636 28568 24607 1786 16201 3370 21
22787 10803 3998 793 29026 28806 26769 7
11574 3322 12713 1113 25600 12311 29726 10
2892 25931 2425 12573 15764 3642 31132 7
10337 10325 31235 6410 9651 4270 29257 3
1187 14858 10734 20646 17735 2360 855 8
19414 19362 26646 17374 20236 31778 19052 36
1488 18967 24588 6272 22549 5815 31266 25
5886 23719 7828 8386 69 13769 18056 3
4317 29525 26150 23994 27350 31787 8607 37
21122 25959 21358 4579 1750 31030 18398 4
30994 8169 20940 25503 10149 24392 7342 35
8266 25641 24532 4015 28024 19009 22254 29
29433 5689 9167 11196 32216 5636 32112 30
2945 7025 20536 30930 3108 17660 13178 3
9306 18666 22592 17888 12811 30357 21831 29
6287 25092 29770 25145 6163 28094 25731 10
13375 9952 30320 8214 28182 10094 17619 35
21789 29415 28412 26386 13247 284 18506 31
23280 27457 8432 22188 20753 28485 3061 39
26643 15711 18047 30921 32480 17386 9296 24
29174 28018 9617 1071 32597 1295 6606 36
8604 13553 29763 12043 9839 21309 13654 33
1051 28952 3428 4460 12925 24576 7360 33
2848 8547 29945 6085 29861 29802 16220 0
23912 30230 11450 1391 18784 1935 4716 33
30535 28345 22675 1829 24827 25863 7588 34
6949 2196 13093 21894 22552 25456 22449 19
4604 32055 21058 26519 8235 10985 21168 35
15323 4341 15220 13630 14334 2967 14514 27
28774 29028 18551 2504 13357 25636 6207 8
12116 9183 23482 26212 6058 6203 207 13
8431 1029 25826 29861 31802 5901 28498 7
26264 21047 13638 2308 2806 29135 2730 0
15169 21021 9332 13660 17611 569 12332 37
25585 31009 1195 27500 6907 8457 20515 7
28739 11506 26463 12121 22426 27774 6732 30
19175 4611 12729 23081 22033 7902 31323 25
6687 27146 276 27721 2974 29937 25716 23
28739 641 24449 28680 24530 9347 29107 34
19518 13096 18499 27674 21778 25317 19622 14
27151 27777 31828 26133 279 31597 28109 38
25418 22099 9950 29943 21870 30193 10272 24
8084 32296 20931 25503 14328 19792 1417 36
5418 5583 10773 25423 27499 13802 29542 33
22874 16859 5279 20017 18384 29731 16137 16
20 300
264 30753 4698 31183 17155 17124 25144 
21255 20778 28222 29945 6552 18742 18969 
8109 16359 16205 6158 25438 12642 25965 
9524 28566 23294 16910 13878 11810 6115 
14851 31145 15382 22117 29090 29852 29713 
2359 18724 7536 28098 14555 30799 6378 
5803 18781 3410 19846 18469 18497 21232 
16654 32421 22202 25056 29804 5693 1053 
24948 12733 12390 11412 15226 166 9980 
12311 18272 13547 12426 5528 12443 19261 
6600 28286 7240 2132 14434 3669 21012 
3646 31483 27332 27738 23543 14962 14271 
21388 27449 12388 5117 2260 24725 14066 
22957 1019 451 13764 26469 10377 26167 
24653 30043 5678 5620 10577 19159 22624 
2725 4005 26600 14662 18154 10295 30551 
15317 30704 2382 7385 313 21828 31506 
29576 7542 13033 4430 20628 8015 31144 
4725 7734 20327 31143 20451 25318 27302 
19261 21350 18638 23518 12805 1533 14718 
